  N F W E G I F P G F P B R G D D S F
N 2 2 2 2 2 2 2 2 2 2 2 2 1 0 2 2 1 2
F 2 1 1 2 4 4 2 2 2 2 2 4 1 2 1 2 4 2
W 2 4 1 2 1 2 2 2 4 2 2 2 4 2 1 2 2 2
E 2 2 4 1 1 2 2 2 0 4 2 2 2 2 1 2 2 2
G 2 1 4 2 1 2 2 1 4 1 2 1 4 2 1 2 1 2
I 2 1 1 2 4 1 2 2 4 4 2 2 2 2 4 2 1 2
F 4 2 2 2 2 4 2 1 2 1 1 1 2 0 2 4 4 1
P 2 2 2 2 4 2 2 1 1 2 2 2 1 1 2 2 0 4
G 2 4 2 4 1 2 2 4 2 0 2 1 4 2 2 2 4 2
F 2 2 2 1 4 2 4 2 2 2 2 4 1 2 2 2 1 2
P 2 2 2 2 2 2 4 4 2 2 1 2 2 2 2 0 1 2
B 2 1 2 2 4 2 1 1 2 1 4 2 2 1 2 4 1 1
R 2 4 2 2 2 4 1 2 1 4 2 4 2 2 2 2 1 2
G 0 2 2 2 2 2 2 2 2 2 4 2 2 4 2 1 2 2
D 2 2 2 2 2 2 2 2 2 2 2 2 2 2 4 2 1 0
D 2 2 2 2 2 2 1 2 2 2 4 2 2 4 2 1 2 1
S 2 1 1 1 2 4 2 2 2 2 2 2 4 2 2 2 1 4
F 2 1 2 2 2 2 4 1 2 2 2 2 2 2 4 4 1 2
